7713879  4570459  4733640  4782376  4716864  4761490  4804458  4730903  4755668  4624878  4634462  4746992  4652636  4721659  4641173  4750313  4783203  4597721  4780527  4777891  4744092  4724221  4825263  4803742  4706860  4731281  4626964  4764647  4809146  4593853  
31143106  19117174  18562335  18929939  18771861  18811615  18888489  18983536  19015919  19519735  19007052  19301079  18840453  18929902  18842214  18975580  18940391  19356324  18970938  19023361  18630427  18702402  18893900  18868269  18694476  18949597  19220075  19170287  19169410  19050013  
69525336  43063291  42821879  42356224  43020737  42655990  42235228  42718150  42414542  43024157  42078672  43272925  42555423  43258932  41995145  43226875  42952530  42343461  42981304  42965127  43055183  43449902  42842540  42340505  42818271  43033332  43043323  42319259  43020404  42804050  
123632861  75683187  75876477  76681454  75181025  75868422  75331992  76591839  77219935  75141612  76362174  76679025  75972495  75493109  74895267  75370574  76960262  76065918  75565290  75776538  75302199  75648746  75845484  75052978  77368981  75213487  76196350  75110738  75396817  75701917  
194271077  119384173  117989405  118909229  119417732  119586241  116774170  118503668  119281782  117594001  119450401  119475499  119185778  117835818  118664457  117582553  119085681  118542303  118247264  118320047  116295139  119261069  118646443  117248128  117545112  116370177  117563669  118442226  117694078  117571655  
278847599  170082356  170401692  169786355  170325604  170818351  172685790  171384448  169917267  171007335  169838741  171901822  170053174  169983741  168635335  171685338  170789672  170267181  171324748  171444993  170108899  169455583  172581669  168865368  171310856  169929748  171255930  169829218  170951370  171244157  
380531647  233279304  231647127  232809565  232439487  233114741  232003538  230673481  230703613  233595811  233309953  232438828  232567239  231752674  231011562  230670326  230003901  228453770  234271659  230385541  232376098  231848473  231322554  231828297  231987015  233086419  231193946  231821399  229484389  231663657  
497296384  303095836  300464431  300764452  302204609  301585216  302456775  298105148  302300803  301924304  300309279  302936441  300494502  299729991  299485536  302403158  300825442  302186183  300803321  300904673  299995544  302604517  300974394  299039306  300572544  301618975  302638074  300862551  302426175  301997583  
635928859  377131248  381911394  378155497  383328532  378354954  377957262  378602389  377673320  384547798  375815826  377460361  377279437  378611726  379055900  376930366  378017346  379717697  380649279  380587099  378843831  380289659  382647813  382877264  379380976  374762746  376245945  380549801  379277324  379682896  
784441249  463211937  461980795  463335179  463382230  464389322  465417686  465788641  467811243  467103040  464866416  463315856  464038755  465005681  462443587  462135505  465494868  465922844  470160668  465248997  467468019  466220519  468885716  462555627  465463635  464308549  465037096  462695524  463776570  463824354  
