12492501  12492501  12492501  12492501  12492501  12492501  12492501  12492501  12492501  12492501  12492501  12492501  12492501  12492501  12492501  12492501  12492501  12492501  12492501  12492501  12492501  12492501  12492501  12492501  12492501  12492501  12492501  12492501  12492501  12492501  
49985001  49985001  49985001  49985001  49985001  49985001  49985001  49985001  49985001  49985001  49985001  49985001  49985001  49985001  49985001  49985001  49985001  49985001  49985001  49985001  49985001  49985001  49985001  49985001  49985001  49985001  49985001  49985001  49985001  49985001  
112477501  112477501  112477501  112477501  112477501  112477501  112477501  112477501  112477501  112477501  112477501  112477501  112477501  112477501  112477501  112477501  112477501  112477501  112477501  112477501  112477501  112477501  112477501  112477501  112477501  112477501  112477501  112477501  112477501  112477501  
199970001  199970001  199970001  199970001  199970001  199970001  199970001  199970001  199970001  199970001  199970001  199970001  199970001  199970001  199970001  199970001  199970001  199970001  199970001  199970001  199970001  199970001  199970001  199970001  199970001  199970001  199970001  199970001  199970001  199970001  
312462501  312462501  312462501  312462501  312462501  312462501  312462501  312462501  312462501  312462501  312462501  312462501  312462501  312462501  312462501  312462501  312462501  312462501  312462501  312462501  312462501  312462501  312462501  312462501  312462501  312462501  312462501  312462501  312462501  312462501  
449955001  449955001  449955001  449955001  449955001  449955001  449955001  449955001  449955001  449955001  449955001  449955001  449955001  449955001  449955001  449955001  449955001  449955001  449955001  449955001  449955001  449955001  449955001  449955001  449955001  449955001  449955001  449955001  449955001  449955001  
612447501  612447501  612447501  612447501  612447501  612447501  612447501  612447501  612447501  612447501  612447501  612447501  612447501  612447501  612447501  612447501  612447501  612447501  612447501  612447501  612447501  612447501  612447501  612447501  612447501  612447501  612447501  612447501  612447501  612447501  
799940001  799940001  799940001  799940001  799940001  799940001  799940001  799940001  799940001  799940001  799940001  799940001  799940001  799940001  799940001  799940001  799940001  799940001  799940001  799940001  799940001  799940001  799940001  799940001  799940001  799940001  799940001  799940001  799940001  799940001  
1012432501  1012432501  1012432501  1012432501  1012432501  1012432501  1012432501  1012432501  1012432501  1012432501  1012432501  1012432501  1012432501  1012432501  1012432501  1012432501  1012432501  1012432501  1012432501  1012432501  1012432501  1012432501  1012432501  1012432501  1012432501  1012432501  1012432501  1012432501  1012432501  1012432501  
1249925001  1249925001  1249925001  1249925001  1249925001  1249925001  1249925001  1249925001  1249925001  1249925001  1249925001  1249925001  1249925001  1249925001  1249925001  1249925001  1249925001  1249925001  1249925001  1249925001  1249925001  1249925001  1249925001  1249925001  1249925001  1249925001  1249925001  1249925001  1249925001  1249925001  
