123616  123616  123616  123616  123616  123616  123616  123616  123616  123616  123616  123616  123616  123616  123616  123616  123616  123616  123616  123616  123616  123616  123616  123616  123616  123616  123616  123616  123616  123616  
267232  267232  267232  267232  267232  267232  267232  267232  267232  267232  267232  267232  267232  267232  267232  267232  267232  267232  267232  267232  267232  267232  267232  267232  267232  267232  267232  267232  267232  267232  
417232  417232  417232  417232  417232  417232  417232  417232  417232  417232  417232  417232  417232  417232  417232  417232  417232  417232  417232  417232  417232  417232  417232  417232  417232  417232  417232  417232  417232  417232  
574464  574464  574464  574464  574464  574464  574464  574464  574464  574464  574464  574464  574464  574464  574464  574464  574464  574464  574464  574464  574464  574464  574464  574464  574464  574464  574464  574464  574464  574464  
734464  734464  734464  734464  734464  734464  734464  734464  734464  734464  734464  734464  734464  734464  734464  734464  734464  734464  734464  734464  734464  734464  734464  734464  734464  734464  734464  734464  734464  734464  
894464  894464  894464  894464  894464  894464  894464  894464  894464  894464  894464  894464  894464  894464  894464  894464  894464  894464  894464  894464  894464  894464  894464  894464  894464  894464  894464  894464  894464  894464  
1058928  1058928  1058928  1058928  1058928  1058928  1058928  1058928  1058928  1058928  1058928  1058928  1058928  1058928  1058928  1058928  1058928  1058928  1058928  1058928  1058928  1058928  1058928  1058928  1058928  1058928  1058928  1058928  1058928  1058928  
1228928  1228928  1228928  1228928  1228928  1228928  1228928  1228928  1228928  1228928  1228928  1228928  1228928  1228928  1228928  1228928  1228928  1228928  1228928  1228928  1228928  1228928  1228928  1228928  1228928  1228928  1228928  1228928  1228928  1228928  
1398928  1398928  1398928  1398928  1398928  1398928  1398928  1398928  1398928  1398928  1398928  1398928  1398928  1398928  1398928  1398928  1398928  1398928  1398928  1398928  1398928  1398928  1398928  1398928  1398928  1398928  1398928  1398928  1398928  1398928  
1568928  1568928  1568928  1568928  1568928  1568928  1568928  1568928  1568928  1568928  1568928  1568928  1568928  1568928  1568928  1568928  1568928  1568928  1568928  1568928  1568928  1568928  1568928  1568928  1568928  1568928  1568928  1568928  1568928  1568928  
