72442  71157  81045  86859  75172  72731  89262  75800  74089  77640  77574  76645  75527  73557  83988  73211  69643  77112  74284  84823  78636  82462  86313  81564  83782  71506  71656  74083  77562  79369  
164597  175449  177634  174901  154581  186660  171013  173388  161355  173390  170760  163271  168898  174204  166611  174821  191438  171262  160744  152245  159799  177503  171306  173059  168820  162791  170246  180312  158426  165960  
278404  246922  273074  257058  292387  268904  262776  287287  278689  293481  259203  250979  292090  247601  256551  270269  248183  251844  270472  248064  275452  262306  259877  274254  287487  263294  254009  283520  285690  278531  
417721  393997  347185  377464  335071  339285  360181  340878  427462  379751  332083  336540  367741  341125  361592  337726  346025  369711  337537  344327  380555  369151  349429  395249  356142  343590  342679  402740  387083  367658  
539510  451549  475614  471749  503161  438206  460665  526099  484035  428863  438138  454262  431826  428303  462429  439351  463916  517074  469178  492071  466977  496687  536275  448682  439947  454538  514511  517697  482492  469728  
567064  547449  587817  598412  538706  577572  647528  577607  561277  595972  566073  614043  544109  550622  635250  558028  543063  559512  534812  624264  521033  640321  537790  565280  610663  573607  540712  587219  615327  553459  
687205  680523  641750  638457  687426  665397  656324  653997  643445  628517  706209  652411  740391  825368  639030  717612  659334  640355  630561  768266  652528  660762  614524  648270  691675  734326  677349  641228  675441  700613  
846082  797887  732426  800428  794339  753542  759931  762581  872562  786893  760850  736053  773952  869630  907388  787051  790542  729905  866697  732791  778978  753724  750838  808637  761774  747508  828929  724025  819131  960594  
856326  840551  999151  860730  801197  864247  881280  1071723  831793  867894  951383  1091929  924645  905744  911371  869647  872083  946756  862603  911640  863736  912371  830490  995917  887017  827246  886898  902777  879025  895721  
1042231  935894  1035042  983810  929044  971594  1055087  920844  1110268  946391  1006615  996829  1025191  972526  1097600  1047018  999489  1000353  997421  986949  964843  1118140  998158  1017975  1088474  978709  921546  1009287  1002932  979701  
