68900  71171  68271  72502  65283  76927  65785  78077  71311  67412  78645  76169  70173  72399  72977  69642  73376  68928  76131  72656  70966  69152  70577  70840  66490  78929  71591  74746  69070  77025  
163923  151532  157075  164363  149688  156071  156597  173853  157249  157959  143367  153814  147504  159770  162440  157331  151690  153092  154676  160919  151711  146337  154977  155466  152863  153021  155980  153024  159848  150832  
243066  233000  249887  246518  277832  233273  238929  249348  240307  254809  243258  244064  251328  262137  256462  238277  241913  241096  244503  256804  249443  244929  250454  255198  235544  234630  240249  243832  249920  235814  
324836  355179  329906  330434  329327  356702  351171  350706  331594  333880  318661  319783  329533  336262  322572  375609  328298  336081  342048  348839  335989  349216  346136  330815  328895  358431  327654  327491  355110  347288  
430242  427050  423898  424811  445545  449585  439685  443825  436486  433565  422048  411259  421639  421330  421843  441186  485752  459362  427931  433264  444043  428474  417265  414402  411824  413459  455548  418449  430791  428921  
547417  528663  551764  526102  529421  527144  549433  528612  531448  546424  503830  558427  516788  556914  507346  554590  533225  525428  539530  519767  514515  505496  522285  527737  549661  542045  504779  522782  545204  567224  
651447  617413  644982  638874  625784  633496  621358  649109  616866  632895  616778  622600  610235  643737  640893  649271  636288  658605  610010  601691  623489  624913  624462  628912  640519  634787  639635  630071  637776  622883  
726331  741771  763852  722336  702563  698794  734345  720108  734262  759056  701369  733742  705798  703639  714426  725663  707356  749033  707880  719756  727414  724252  732205  737837  695557  727170  698475  736094  753287  708753  
809608  823207  823402  839336  838017  814503  826504  799964  874354  802815  826551  865484  834742  867747  800001  830537  831623  792295  840501  840443  818236  840856  813916  834665  796552  876676  810377  831791  816549  832278  
944367  936810  971454  926475  906150  922132  945812  990089  904002  910007  903574  951231  927129  936238  947333  913024  976139  921288  940479  918788  970974  931737  903577  1000895  937695  965866  916971  940404  925186  937552  
